%%MatrixMarket matrix array real general
% ISTL_STRUCT blocked 3 1
3174 1
-6.411820e-14
-2.837342e-14
-9.497611e-16
-2.830273e-10
-1.684340e-11
-2.119975e-10
-1.629330e-09
-7.977991e-10
-2.443171e-10
-7.515446e-11
1.897412e-10
-1.497635e-10
7.849368e-11
-8.295348e-10
5.349977e-09
-4.319344e-10
4.757851e-11
-1.737233e-10
2.085779e-13
8.763303e-14
4.947656e-14
-5.168256e-12
1.044237e-12
-3.165787e-12
-1.100615e-09
-5.351166e-10
-6.147589e-12
-2.473202e-08
-1.575215e-09
-1.238254e-08
3.914668e-09
2.689748e-09
1.623080e-09
5.108200e-09
3.475846e-09
2.640425e-09
4.842763e-10
8.927890e-10
4.231795e-10
1.461222e-09
-1.651811e-09
8.115579e-10
4.730536e-09
8.489635e-10
-4.527754e-10
-2.414295e-10
-4.431688e-10
1.000327e-11
-2.511585e-10
1.315656e-10
2.235708e-10
1.481325e-10
6.462054e-11
-1.490692e-10
-6.637171e-10
-6.094637e-10
-9.756677e-11
-5.444713e-10
1.496593e-10
1.591424e-10
-2.284416e-10
-3.206282e-10
-4.280716e-10
-1.659160e-11
-2.651169e-10
1.212740e-10
4.686654e-12
7.640076e-11
-6.918352e-11
-8.436630e-10
-6.391741e-10
5.039751e-11
1.392840e-13
8.032984e-14
3.355636e-14
-8.139370e-09
8.481022e-11
-2.494738e-09
1.341490e-10
-9.876230e-10
2.971198e-11
5.413779e-09
3.342534e-09
1.876693e-09
2.811850e-11
8.712551e-10
-8.246280e-10
3.152629e-09
7.329770e-10
-8.671182e-10
2.943315e-11
1.734297e-11
2.765940e-10
-6.948899e-10
-4.843453e-10
-4.637180e-10
-1.024936e-10
2.394918e-10
-5.494332e-10
7.427575e-09
4.474043e-09
2.874101e-09
1.083258e-09
1.853075e-09
-9.719850e-10
2.318831e-09
-1.698726e-09
1.710713e-09
2.061530e-09
2.924535e-09
1.037076e-09
2.173297e-09
-9.441826e-10
7.328157e-10
-7.507996e-10
-7.938060e-10
-2.293593e-13
-1.085463e-09
-7.907316e-10
-2.629060e-10
2.516126e-11
1.296988e-11
-1.018652e-11
6.744828e-11
5.879778e-11
1.156390e-10
-7.169047e-10
-5.000734e-10
3.394144e-10
-1.296257e-10
4.964856e-10
6.171566e-10
-1.133672e-10
1.343240e-10
2.235381e-10
-9.922371e-11
-2.647372e-10
4.515507e-10
3.866099e-11
-5.673406e-10
1.322455e-10
-2.241712e-10
-1.572335e-09
1.158295e-10
3.363451e-09
2.335964e-09
2.030887e-09
7.106246e-10
-6.523029e-10
3.691393e-10
6.615655e-11
2.007534e-09
3.687754e-10
-1.412429e-09
-2.316502e-09
-3.548809e-10
2.940747e-09
2.807044e-09
1.043011e-09
1.038339e-09
1.203537e-09
3.233484e-10
-1.630396e-09
-2.432946e-09
-3.005843e-10
1.881798e-09
2.282666e-09
8.592675e-10
-8.107575e-10
-1.465719e-09
5.937343e-11
-9.256343e-10
-2.637815e-09
6.773585e-12
-1.121070e-09
-1.555773e-09
1.500578e-09
8.717923e-11
-3.320041e-10
2.821080e-10
-2.997214e-10
-1.666367e-09
1.509732e-10
3.557901e-09
2.590051e-09
1.923746e-09
7.772435e-10
1.465355e-09
2.458339e-10
-4.501771e-10
-1.176490e-10
3.203172e-10
-6.522083e-10
-2.721409e-10
3.597208e-10
-4.912755e-10
-9.598392e-10
8.016906e-11
-1.013189e-09
-5.042641e-10
3.319808e-10
5.390781e-10
5.290963e-10
-5.733028e-10
1.259716e-10
7.682645e-11
1.428762e-10
-8.316193e-10
-5.665682e-10
5.106441e-10
7.913814e-10
5.147226e-10
-3.211933e-10
-3.696812e-10
-5.217031e-10
2.872113e-10
1.536160e-10
7.716403e-11
1.355847e-10
-1.263911e-09
-6.783866e-10
2.345453e-10
8.273744e-10
5.523184e-10
-4.409695e-10
-4.197638e-10
-5.396277e-10
3.267927e-10
1.908958e-10
8.949649e-11
1.359928e-10
-1.038334e-09
-5.252458e-10
4.023323e-10
8.929427e-10
6.037065e-10
-4.720947e-10
3.866282e-10
1.786918e-10
4.429315e-10
9.710229e-11
7.002719e-11
1.442887e-10
-3.024819e-10
-5.032412e-10
5.997765e-10
-2.090864e-11
-5.521613e-10
1.469797e-10
-1.117489e-10
-5.449587e-10
3.557393e-10
-2.681921e-11
1.163632e-10
1.200540e-10
-1.691364e-11
-5.328760e-11
-5.774835e-12
2.026460e-11
1.912809e-10
1.491329e-10
-8.927086e-11
-2.225929e-10
-5.473583e-11
3.998912e-13
3.694508e-11
3.697978e-11
2.066494e-10
2.782812e-11
-3.049410e-10
-1.725560e-11
-6.310747e-11
-3.688211e-12
-6.570617e-11
1.629337e-10
1.159696e-10
-9.242107e-11
-2.408333e-10
-9.281038e-11
-2.037169e-11
3.275331e-11
5.743516e-11
2.828706e-11
1.563825e-10
1.396799e-10
-4.371308e-11
-1.533876e-10
-5.070888e-11
3.817414e-10
9.248622e-10
5.018718e-10
1.907291e-09
-8.747035e-10
-2.315096e-10
2.269878e-09
1.302096e-09
-6.798610e-10
5.234484e-10
-7.508338e-10
4.964747e-12
2.772904e-10
-8.445119e-10
-6.208563e-11
1.018666e-10
4.223820e-10
3.194628e-10
1.910912e-09
-9.447445e-10
-3.003297e-11
3.453757e-10
8.457939e-10
9.322305e-10
4.013218e-10
-4.433555e-10
-6.707413e-11
-3.914236e-11
2.234022e-10
2.189892e-10
1.606523e-09
-7.729788e-10
1.634703e-11
-1.768250e-10
4.610751e-10
7.344955e-10
2.130374e-10
-3.044313e-10
-9.016753e-11
7.019586e-10
-7.054022e-10
-1.326984e-10
-2.716228e-10
2.005459e-10
4.222601e-10
-9.376339e-11
1.098816e-10
1.518351e-10
9.864843e-10
-7.080833e-10
-2.183371e-10
-3.706423e-10
1.673275e-10
6.007056e-10
1.719120e-10
-1.669101e-10
-6.795506e-11
7.267272e-11
-6.138249e-10
-2.512162e-11
3.727581e-09
1.658351e-09
7.582187e-10
-1.201725e-10
6.700882e-11
8.641985e-11
-3.860773e-10
-4.166721e-10
-1.046428e-10
-2.461415e-10
2.770297e-10
3.362869e-10
2.166733e-10
6.530784e-10
4.380753e-12
3.954658e-12
1.408815e-10
6.836617e-10
9.585889e-10
8.390101e-10
1.678974e-09
3.565562e-09
5.032782e-10
1.705193e-09
1.278338e-10
8.138142e-11
2.871292e-10
-5.857388e-10
-2.440784e-10
-5.361976e-10
1.130417e-10
3.426612e-10
3.081550e-11
1.175479e-10
-1.439788e-09
-8.716880e-11
1.057426e-09
1.203417e-10
1.130814e-09
-3.999013e-09
-1.473250e-09
-1.716653e-09
8.654817e-11
1.754262e-10
-9.766634e-10
-3.363158e-10
-3.425332e-10
-8.871448e-11
-8.582749e-11
-6.492739e-10
-9.418411e-11
2.781359e-12
1.452792e-10
1.829436e-10
1.090209e-11
1.737096e-11
-7.350547e-12
3.116937e-11
4.408753e-10
2.539651e-10
1.289917e-10
1.658051e-10
-1.208547e-09
3.444584e-11
6.507949e-11
-4.237042e-11
5.606255e-10
-3.704848e-10
-5.919073e-11
-6.957808e-11
1.561260e-10
3.184642e-10
6.711243e-11
3.815235e-10
2.857397e-10
1.767644e-10
2.224005e-10
-1.263791e-09
6.262488e-10
-3.997858e-10
-1.637661e-10
1.221594e-10
2.723282e-10
2.722965e-10
8.878889e-11
-5.240706e-10
3.179813e-10
1.547488e-10
2.097166e-10
-1.331823e-09
7.854964e-10
6.363399e-10
-4.355473e-10
1.521057e-10
5.061760e-10
-3.513580e-10
7.323168e-11
-5.005888e-10
2.937750e-10
1.346255e-10
2.088795e-10
-1.401984e-09
5.071291e-11
-4.918017e-10
2.556815e-10
1.024608e-10
2.137960e-10
-1.482734e-09
3.694769e-13
-5.625201e-13
2.983677e-13
3.056077e-11
-4.897564e-10
2.275976e-10
6.759683e-11
2.005585e-10
-1.532674e-09
1.699545e-11
-4.762047e-10
2.146408e-10
4.337951e-11
1.790774e-10
-1.560615e-09
-1.400340e-11
-8.743473e-12
8.404347e-11
-1.519205e-11
-7.614556e-11
6.490258e-12
7.865645e-12
-1.843460e-08
2.520337e-10
2.382681e-11
1.549919e-10
-1.578531e-09
2.691298e-11
1.982883e-10
2.132428e-10
2.975084e-11
1.423228e-10
-1.578084e-09
-6.881660e-11
9.392247e-11
1.453565e-10
2.273818e-11
1.024963e-10
-6.936774e-11
-3.127114e-11
1.144844e-10
6.697878e-11
8.098588e-13
-1.471781e-12
7.581395e-13
1.455064e-12
-4.900835e-13
-1.124862e-14
3.289986e-13
1.302194e-12
9.000726e-13
7.831812e-13
-1.337672e-12
-1.397844e-14
1.373285e-12
-1.447169e-12
8.090074e-14
3.796378e-13
1.438477e-12
1.613875e-12
3.150996e-12
-2.692929e-12
-1.631179e-12
3.054368e-12
2.728528e-12
3.439625e-12
8.864678e-12
-4.562620e-12
7.491025e-13
6.111664e-12
5.091090e-12
-1.448469e-11
-2.084722e-11
-2.601702e-11
-6.947636e-12
2.485251e-11
1.831890e-11
-2.021864e-11
-8.045135e-11
1.793912e-12
4.751282e-11
1.326478e-12
1.095945e-11
6.847355e-12
-3.926933e-12
-1.729797e-11
3.870913e-13
1.297774e-12
-1.472597e-11
4.707355e-12
4.876277e-12
-7.937690e-12
-4.441383e-12
3.723306e-12
3.456537e-12
-1.648162e-11
-2.966707e-11
-5.498122e-11
-5.789927e-12
1.730314e-11
2.546372e-11
-4.699331e-11
-1.128514e-10
-1.163942e-12
1.358425e-10
7.986076e-12
5.825563e-12
-6.594110e-12
-5.608076e-10
-9.707287e-10
1.864770e-10
8.658722e-11
2.030044e-10
-1.629135e-10
-1.649965e-09
-1.561156e-09
1.643619e-09
7.164727e-10
7.976934e-10
-7.557644e-10
-2.136840e-10
-2.471846e-10
-9.663638e-11
-1.660507e-11
3.665346e-11
-4.654065e-11
9.010117e-11
7.358329e-11
-1.470330e-10
-7.607355e-10
-4.665105e-11
5.296170e-10
4.124662e-11
1.042699e-10
-1.433326e-10
3.071565e-10
6.835233e-10
-3.288379e-10
-1.125939e-11
2.065461e-11
7.015413e-12
-3.505295e-11
-7.855587e-11
-3.092614e-12
-9.478153e-12
3.226750e-11
2.760744e-11
-3.745065e-11
-6.660368e-11
6.901699e-12
-6.658854e-11
-1.012325e-12
2.648821e-10
1.500453e-11
-1.824862e-10
-8.287507e-11
2.045045e-11
3.339993e-12
-1.583071e-10
2.495014e-11
-5.594056e-10
4.277390e-11
2.318704e-10
3.584227e-10
-4.487765e-10
2.433761e-10
5.839952e-10
-2.542943e-10
3.772716e-10
1.329615e-09
-7.953356e-10
1.363264e-09
9.689726e-10
-1.182517e-09
-4.066994e-11
-1.842373e-12
3.088250e-11
9.268318e-11
4.456161e-11
-4.265958e-11
-1.028325e-11
-1.493211e-11
-2.502271e-12
1.881781e-11
2.236641e-11
-6.527289e-12
4.787252e-11
7.528314e-11
-4.593126e-11
5.178778e-11
1.254480e-10
1.250110e-10
1.352330e-11
1.454064e-11
-1.567045e-11
1.422936e-11
-3.617444e-11
2.305411e-13
2.857683e-12
-4.145127e-12
-3.331601e-12
3.686713e-12
2.916358e-12
-4.054375e-12
6.673733e-13
8.204386e-13
1.061842e-12
8.320778e-13
1.954505e-13
1.773772e-12
1.414045e-11
-2.986792e-11
-1.547913e-14
-8.446404e-12
-3.343818e-11
2.244013e-12
7.521611e-13
3.926112e-13
-6.868469e-13
6.914827e-13
-4.128335e-13
-6.024650e-14
9.625288e-13
-5.271480e-13
-2.003041e-13
4.381725e-13
6.417730e-13
8.095576e-13
5.584270e-11
-1.132451e-10
-1.025845e-11
3.246748e-12
4.870487e-12
5.483891e-12
1.661798e-13
7.355284e-13
4.539571e-12
1.441871e-11
-3.251832e-11
-6.668341e-12
1.968310e-12
-2.266924e-11
-1.982573e-12
1.075092e-12
1.134528e-12
1.094056e-12
8.447199e-13
7.578102e-13
1.006676e-12
2.862342e-11
3.120794e-11
-3.504120e-11
1.595660e-11
2.611184e-11
2.752935e-11
4.109269e-12
1.401888e-11
2.107984e-11
-1.209058e-11
-4.633150e-12
1.934761e-11
5.106103e-12
-6.859430e-12
3.627339e-13
1.059753e-11
1.453168e-11
1.466767e-11
2.879621e-11
1.745649e-10
2.911306e-10
-8.554932e-10
-1.096672e-09
-6.354601e-11
7.140021e-10
9.347557e-10
8.258066e-11
2.802339e-11
2.280981e-11
5.699409e-10
-1.682109e-09
-1.903290e-09
1.248886e-09
2.478676e-09
1.819946e-09
-4.555705e-10
4.933004e-11
3.670067e-11
-2.414085e-11
-3.268686e-12
7.634678e-12
7.957768e-12
-2.768031e-12
-1.460414e-11
5.789607e-13
-1.708208e-13
-2.143655e-11
-7.804276e-12
8.127341e-11
1.285073e-10
-7.793271e-11
1.898068e-12
-2.655927e-11
-8.616488e-12
1.631714e-12
7.713364e-12
2.921437e-11
-1.588984e-11
3.012913e-11
3.649531e-11
3.686798e-12
-3.887294e-12
-1.359199e-12
1.481721e-12
4.759427e-12
-2.587401e-12
5.089930e-12
1.022934e-11
6.419947e-12
8.734737e-12
7.622138e-12
-8.158520e-12
3.577769e-13
6.404143e-13
-1.182866e-13
4.580016e-11
3.778267e-11
-2.786271e-11
2.743059e-12
-1.265019e-11
-1.180976e-12
8.024526e-12
1.051762e-11
1.092076e-11
-4.038061e-11
-1.856010e-11
2.349444e-11
5.722726e-11
1.728880e-10
-1.166635e-10
-4.691368e-13
1.785523e-11
1.908224e-11
3.506809e-11
-2.311388e-11
3.534296e-12
-4.619387e-11
-1.064583e-10
1.573155e-11
-4.490947e-11
3.433296e-10
8.679346e-10
-1.180583e-09
-3.318240e-10
1.057608e-09
8.295087e-11
1.894130e-09
-3.694218e-10
1.295965e-09
1.094468e-09
-9.248023e-10
2.545504e-11
-2.835265e-10
3.374764e-11
-4.661925e-10
-6.311734e-10
-1.328863e-10
2.573329e-10
1.284860e-10
-6.114455e-10
3.307044e-10
4.472793e-10
-9.976000e-11
8.681293e-10
6.325071e-10
-6.250452e-10
-1.101950e-09
-6.939521e-10
7.361042e-10
-2.025487e-09
-1.198048e-09
1.147759e-09
1.922977e-09
1.446011e-09
-9.168589e-10
2.648556e-10
3.194395e-10
-9.538727e-11
-4.350876e-10
-4.729818e-10
-8.209838e-11
-7.674712e-10
-9.167470e-10
3.411506e-11
6.571414e-10
7.569568e-10
-2.337051e-10
-2.376714e-10
3.094731e-10
2.126551e-10
4.415493e-10
-6.020329e-10
-1.678697e-11
-1.441462e-09
-1.197831e-09
1.363901e-09
-5.610092e-10
-1.449158e-09
3.560661e-10
-3.345403e-12
-1.936753e-10
-4.238300e-11
7.974750e-11
1.393124e-10
1.886117e-10
-4.818973e-10
-7.476556e-10
4.225793e-11
-4.559037e-10
-2.064511e-10
4.645248e-10
-1.754780e-10
-6.202064e-10
-2.061196e-10
-2.813429e-10
-1.446831e-10
5.865837e-10
3.447660e-10
1.461542e-09
-6.097987e-10
-7.849931e-10
-1.456773e-09
-5.105193e-11
-9.744791e-11
1.003402e-10
1.121464e-10
-8.120277e-11
-2.740350e-10
6.717509e-11
3.873324e-10
5.940908e-10
-5.483136e-10
-6.288065e-10
-3.041724e-10
3.475507e-10
-1.301954e-10
1.963507e-10
2.395830e-10
3.232098e-10
6.033576e-10
-3.207854e-10
9.296521e-10
1.606190e-09
-5.298010e-10
-1.025553e-09
-1.441358e-09
-1.086304e-10
-4.267357e-11
-2.181507e-10
-3.618227e-11
1.918239e-10
1.316904e-10
-1.060213e-10
5.467800e-10
4.990817e-10
-4.120088e-10
-7.308378e-10
-2.501715e-10
2.527457e-10
-2.771997e-10
-4.321634e-10
-1.372742e-11
2.817433e-10
4.750948e-10
-2.636780e-10
8.777136e-10
1.483689e-09
-4.640732e-10
-9.244771e-10
-1.261619e-09
-1.292248e-10
-1.973195e-10
-6.054844e-11
7.240041e-11
2.069216e-10
1.352775e-10
-8.466428e-11
5.233367e-10
4.426557e-10
-3.990303e-10
-6.844170e-10
-2.129455e-10
2.202901e-10
-2.109426e-10
-3.371047e-10
4.192289e-12
2.420949e-10
4.145314e-10
-2.374569e-10
8.139340e-10
1.396865e-09
-4.770824e-10
-8.370288e-10
-1.145195e-09
-8.382343e-11
-1.704433e-10
-5.245615e-11
5.522130e-11
1.592703e-10
1.141549e-10
-8.826301e-11
5.097099e-10
4.312454e-10
-3.844376e-10
-6.486714e-10
-2.182023e-10
2.009957e-10
-4.280193e-11
-9.078813e-11
-3.295138e-11
4.384604e-11
9.061455e-11
7.274565e-11
4.883331e-10
4.309338e-10
-3.684505e-10
-5.514636e-10
-2.115593e-10
2.267983e-10
-1.586207e-10
5.423350e-11
8.295204e-11
1.861129e-10
-1.848939e-10
-1.815655e-11
7.479696e-10
1.310233e-09
-5.126683e-10
-7.460960e-10
-1.043418e-09
-8.472049e-11
-5.334623e-11
4.747669e-11
5.619203e-11
3.481533e-11
7.455881e-11
1.040013e-10
4.296749e-10
4.078028e-10
-2.942156e-10
-2.704928e-10
-7.015726e-11
2.930481e-10
-9.678869e-11
-2.019268e-10
-1.069077e-10
1.115747e-10
-2.196281e-10
-2.589963e-11
6.795514e-10
1.048042e-09
-5.591748e-10
-3.282587e-10
-9.536889e-10
-4.519785e-11
-2.265610e-11
-6.112996e-11
-4.290341e-11
4.748009e-11
-6.726521e-11
-2.327148e-11
-1.211135e-10
-4.587163e-10
3.758267e-12
-6.036460e-11
8.663370e-11
6.007036e-11
1.023994e-10
1.479624e-10
1.237021e-10
-3.550551e-10
-5.825666e-11
4.758060e-10
-3.751082e-11
-7.761265e-11
-2.814017e-11
2.091171e-11
5.487121e-11
5.679748e-11
-2.373417e-10
-3.903563e-10
-1.467959e-10
-8.549231e-11
2.776635e-11
8.011594e-11
1.479120e-10
-9.664591e-11
-5.836271e-12
-6.368506e-10
-8.514347e-12
3.104636e-10
-2.786709e-11
-7.322606e-11
-1.980806e-11
2.142230e-11
5.448573e-11
4.928301e-11
-1.938770e-10
-3.884150e-10
-1.072881e-10
-8.302598e-11
1.075958e-11
7.349358e-11
1.269810e-10
-7.197742e-11
-1.108470e-11
-5.620373e-10
-8.627086e-12
2.933964e-10
-1.106836e-12
7.868865e-13
1.350903e-12
5.301086e-12
5.090218e-12
-5.291241e-12
-4.398892e-12
-2.739410e-12
4.870233e-12
4.537895e-12
2.515636e-12
-1.312472e-12
1.738841e-13
-5.253123e-12
1.855526e-12
1.155104e-11
1.849352e-11
-8.926111e-12
-1.630060e-12
-1.553810e-11
4.813658e-12
7.771331e-12
8.893672e-12
-1.508547e-12
-2.597452e-11
-5.709180e-11
-1.612331e-11
4.472871e-11
9.762335e-11
-4.500935e-11
-1.693179e-10
5.640180e-11
9.013246e-11
-7.262216e-11
8.765506e-12
4.390903e-11
9.827906e-11
7.826373e-11
-7.431319e-11
-3.819276e-10
-6.085857e-10
-1.719778e-10
1.371838e-11
2.448647e-11
-7.321888e-11
5.238662e-12
-1.986132e-11
5.053136e-12
-1.578375e-11
-3.088641e-11
-9.491629e-13
7.661390e-12
3.759700e-11
-3.071059e-11
3.470375e-11
2.025612e-10
-1.310727e-10
1.009619e-11
1.406737e-11
5.267843e-11
-2.256620e-11
-1.707295e-11
5.589428e-11
6.250394e-11
7.577591e-11
-7.472427e-11
5.692910e-11
-6.600016e-11
1.736800e-11
-1.118000e-12
-5.692895e-13
1.531523e-11
-5.328872e-12
9.746414e-12
2.401146e-11
-1.741322e-12
-8.858202e-12
1.696984e-12
7.566294e-12
9.214831e-11
-4.982360e-11
-9.234215e-12
-3.833287e-11
-3.609278e-11
-4.935396e-12
1.675585e-12
2.101299e-11
-1.464630e-11
-2.340498e-11
-2.273171e-12
9.815777e-11
6.789222e-11
-1.635988e-10
-8.076256e-11
1.113100e-10
5.712421e-11
7.819398e-12
-5.452621e-11
1.296964e-11
-2.598207e-11
-1.745743e-12
5.834679e-11
-2.694509e-11
2.146280e-11
5.394211e-11
5.948517e-11
9.659249e-11
-3.759650e-11
1.801082e-11
2.641961e-11
-1.504571e-11
-3.970151e-11
-4.583298e-11
-5.513717e-12
9.815557e-11
-2.718395e-10
-3.010543e-11
1.853961e-10
1.440086e-10
-1.793304e-10
7.016862e-11
5.536693e-11
-4.866987e-11
-1.091047e-10
-4.328200e-11
6.185714e-11
-1.586397e-10
-1.730008e-10
-2.835011e-11
5.629926e-11
9.483961e-11
-3.261915e-11
2.171153e-11
3.137963e-11
-1.612630e-11
-4.874252e-11
-5.616556e-11
-7.700454e-12
-4.458333e-10
-1.991492e-10
2.553846e-10
2.396661e-10
2.361766e-10
-2.831987e-10
8.884274e-11
6.430953e-11
-6.709966e-11
-1.440852e-10
-5.343880e-11
8.245714e-11
9.774114e-12
-1.433136e-10
-1.670012e-11
3.347667e-11
8.052219e-11
-4.405911e-11
3.032599e-11
3.622632e-11
-1.289158e-11
-5.167310e-11
-6.203431e-11
-1.413587e-11
2.185804e-12
1.539957e-10
2.418036e-10
2.290608e-10
9.834254e-11
-1.533014e-10
1.315770e-10
7.447110e-11
-6.579761e-11
-1.766021e-10
-2.407528e-11
1.155276e-10
-7.629968e-11
-1.356821e-10
7.491843e-12
6.714353e-11
1.278355e-10
-8.912860e-11
1.889870e-11
3.161776e-11
-1.159764e-11
4.050493e-12
2.859939e-11
-5.422029e-11
-3.673609e-10
-2.581600e-11
3.700902e-10
3.810535e-10
3.147958e-10
-3.567987e-10
1.180576e-10
7.974452e-11
-1.089737e-10
-4.107183e-11
1.736291e-10
-1.964592e-10
1.851367e-11
6.354016e-11
-3.914887e-11
2.421133e-11
2.768144e-11
-2.572126e-11
9.733219e-12
1.287723e-11
-2.828385e-11
4.826190e-12
2.004913e-11
-1.376805e-11
2.655307e-11
5.166304e-11
-2.092399e-11
-5.318522e-12
-2.938271e-11
5.092370e-12
1.594162e-11
1.251638e-11
-1.367238e-11
-1.203681e-11
-5.993931e-12
1.225997e-11
3.156583e-11
4.562941e-11
-1.406465e-11
-1.089901e-12
-1.842795e-11
-7.609556e-12
2.069576e-11
1.563897e-11
-1.395885e-11
-8.223686e-12
3.502121e-12
8.112548e-12
1.083831e-11
3.728011e-11
-2.241704e-11
3.907449e-11
3.233464e-11
-3.983003e-11
-4.583314e-10
-1.469944e-09
1.629763e-09
1.745147e-10
-7.693688e-10
3.794128e-10
-3.832514e-11
-9.687901e-10
3.953555e-10
-1.497891e-10
-7.403299e-10
-2.152814e-10
1.701921e-11
-4.800686e-10
6.658836e-11
-7.065807e-10
-1.450214e-09
1.973140e-10
9.140231e-10
1.269197e-09
1.242615e-09
5.270134e-10
-4.238247e-10
2.959208e-10
5.503480e-11
3.464653e-11
-2.157606e-10
-7.929983e-10
-7.008983e-10
6.395719e-10
8.202749e-10
5.212206e-10
-4.106005e-10
-2.301778e-10
-6.157849e-10
4.314209e-10
-4.223870e-10
-1.171464e-09
-2.779611e-10
1.024600e-09
1.428325e-09
1.078708e-09
-7.424188e-10
-7.600545e-10
5.693703e-10
7.668762e-10
5.870095e-10
-5.157608e-10
-7.887858e-10
-7.712683e-10
6.113874e-10
4.591504e-10
6.521367e-10
-9.949427e-10
-4.903372e-10
-1.299186e-09
-2.441431e-10
6.174642e-10
1.639922e-09
1.481943e-10
-6.847094e-11
-8.910696e-10
1.385231e-10
2.751149e-10
-5.400159e-10
-4.343301e-10
-1.088473e-10
8.418309e-10
-3.022281e-10
-6.632659e-10
-1.089278e-09
-5.685929e-10
4.313531e-10
1.285053e-09
1.571251e-09
4.259460e-10
8.677948e-10
-1.312687e-09
6.148840e-11
-3.475241e-10
-8.466235e-10
2.491608e-10
5.749266e-10
7.583254e-10
-6.643988e-10
-7.459338e-10
-8.468810e-10
2.045536e-10
2.769181e-10
-7.971010e-10
1.393754e-09
3.246548e-10
-9.256574e-10
-1.385621e-09
3.136282e-10
6.136434e-10
4.649150e-11
-4.129603e-10
-8.683549e-10
2.805711e-10
6.409802e-10
7.616742e-10
-6.557640e-10
-8.400293e-10
-7.816138e-10
1.630013e-10
2.815640e-10
-6.821535e-10
1.458674e-09
2.831862e-10
-9.313714e-10
-1.645219e-09
1.366031e-10
6.887389e-10
3.187781e-11
-4.890286e-10
-9.007102e-10
3.009292e-10
6.921509e-10
7.667448e-10
-7.019226e-10
-9.217479e-10
-7.460449e-10
1.397645e-10
2.938924e-10
-5.386171e-10
1.503194e-09
2.232744e-10
-9.169533e-10
-1.711594e-09
6.211623e-11
7.434313e-10
1.141379e-11
-5.903951e-10
-9.639596e-10
2.898013e-10
7.087498e-10
7.793110e-10
-7.305355e-10
-9.692980e-10
-7.222635e-10
1.529613e-10
3.323962e-10
-3.374121e-10
1.522622e-09
1.058931e-10
-8.625781e-10
-1.758827e-09
3.839587e-11
7.498222e-10
-1.896667e-11
-7.032314e-10
-9.965132e-10
3.895001e-10
8.947573e-10
8.096761e-10
-7.744178e-10
-9.074799e-10
-8.174877e-10
-7.059197e-11
2.919849e-10
-2.336118e-10
1.631114e-09
1.765479e-11
-9.910310e-10
-1.853609e-09
2.329118e-10
5.379971e-10
-4.385058e-11
-8.294126e-10
-9.928409e-10
5.605345e-10
9.868857e-10
1.033722e-09
-9.376578e-10
-1.275680e-09
-9.713217e-11
-2.042238e-10
2.591710e-10
-1.269876e-10
1.723388e-09
-1.460487e-10
-8.587375e-10
-2.108323e-09
-1.225718e-09
1.003802e-09
-4.160967e-11
-1.254311e-09
1.434732e-10
6.763306e-10
1.613342e-09
2.750703e-11
-9.671031e-10
-1.122591e-09
-9.255533e-10
-1.760239e-10
2.764041e-10
4.650233e-11
1.620435e-09
-1.604648e-10
-9.880726e-10
-1.861113e-09
8.074759e-11
9.211950e-10
2.729692e-11
3.560724e-11
-1.451713e-11
1.045070e-12
-2.158742e-11
5.703386e-12
1.974370e-11
1.437511e-11
-8.284417e-12
-4.032543e-12
-2.614590e-12
1.161999e-11
4.166433e-10
-9.435358e-10
1.719601e-10
-8.943782e-10
-1.315501e-09
1.071577e-10
1.485158e-09
1.225002e-09
-1.391320e-09
-2.028566e-09
-4.050185e-11
6.826619e-10
-1.473206e-12
1.476219e-12
1.307457e-12
4.750808e-12
-5.739233e-12
-1.478442e-12
2.414827e-13
5.145450e-12
-3.849048e-12
4.015577e-12
3.052561e-12
-2.072375e-12
-3.354831e-13
-6.018486e-12
1.779278e-12
9.900605e-12
1.444482e-11
1.528246e-11
6.858726e-12
9.108422e-12
-1.153193e-11
6.898802e-12
9.175129e-12
-2.214331e-12
-2.018897e-12
2.299962e-12
1.453738e-12
8.662256e-12
6.829297e-12
-7.034446e-12
-7.579219e-12
-2.679851e-12
4.935571e-12
6.798236e-12
3.718364e-12
-1.636714e-12
-1.179503e-12
-7.590283e-12
1.633046e-12
1.658062e-11
2.786178e-11
-1.303324e-11
-7.000973e-12
-2.161827e-11
2.820607e-12
1.264069e-11
1.367157e-11
-3.668770e-12
-2.821553e-12
3.300523e-12
1.910928e-12
9.046458e-12
9.158862e-12
-7.439897e-12
-1.056637e-11
-3.413883e-12
5.320950e-12
8.703646e-12
4.553274e-12
-1.734010e-12
-2.548802e-12
-1.035018e-11
1.239987e-12
1.599387e-11
2.818583e-11
-1.300779e-11
-1.114029e-11
-2.857000e-11
3.734796e-12
1.668601e-11
1.758097e-11
-5.507964e-12
-4.083117e-12
4.594277e-12
2.164800e-12
1.137296e-11
1.184937e-11
-8.800655e-12
-9.923640e-12
-1.257383e-12
7.406899e-12
1.174425e-11
6.789078e-12
-1.764887e-12
-4.743641e-12
-1.422341e-11
1.109218e-12
2.032004e-11
3.665106e-11
-2.080220e-11
-3.449494e-12
-2.934523e-11
1.264323e-11
2.251797e-11
2.421587e-11
-1.202261e-11
-3.176999e-12
7.345977e-12
3.391598e-12
-9.014372e-12
-1.576945e-11
-1.175483e-12
1.374371e-11
1.685262e-11
-9.870208e-12
-3.363597e-12
-8.265361e-12
2.043257e-13
-1.109840e-12
-1.726985e-11
7.234991e-12
-4.072261e-11
-1.080900e-11
3.163232e-11
6.733682e-11
4.432373e-11
-2.238797e-11
-1.957316e-11
-6.967733e-12
1.973000e-11
-2.158922e-13
2.562769e-12
2.630810e-12
1.576982e-12
1.924759e-12
-3.075150e-13
2.736819e-12
-5.198819e-12
-2.242658e-12
3.568913e-12
1.707469e-12
-1.331399e-12
1.135978e-12
-2.461156e-12
-2.713958e-13
8.024912e-13
-1.154349e-12
-5.021277e-13
2.005885e-12
2.318419e-12
4.867534e-12
1.725943e-12
2.445533e-12
2.515958e-12
-1.220359e-10
4.704364e-11
2.176323e-10
-1.454580e-10
8.512430e-10
-5.044170e-10
2.931050e-10
8.288487e-10
8.661968e-12
-3.788564e-10
-3.780607e-10
-1.601122e-10
8.159399e-11
-7.826786e-10
1.648864e-10
3.890916e-10
7.483076e-10
-1.876227e-09
1.085152e-09
2.223992e-10
-1.474016e-09
-1.292897e-09
-3.452638e-10
5.721100e-10
2.332650e-12
1.925276e-12
-1.391374e-12
3.935851e-12
5.098646e-12
-1.483681e-12
-1.709780e-09
-1.060727e-09
8.791947e-10
1.875594e-11
8.684241e-11
-8.370430e-10
4.905886e-10
3.725544e-10
5.174052e-11
9.248108e-11
1.842161e-10
-9.279250e-10
-5.035190e-10
-1.038076e-09
1.302324e-10
1.572890e-10
2.043159e-10
-7.886650e-11
1.231207e-10
3.438862e-10
-1.177615e-10
8.130693e-12
-1.909958e-11
6.574124e-13
1.399669e-11
1.179138e-11
-9.334951e-12
1.061535e-12
6.733512e-12
1.307600e-11
8.344390e-12
1.048922e-11
-3.584974e-12
3.350154e-13
-3.782084e-13
2.531384e-13
1.343164e-12
-2.089971e-13
2.987914e-13
2.816566e-13
3.247824e-13
3.426108e-13
6.688754e-13
4.399162e-13
6.159833e-13
6.832023e-13
5.662297e-13
8.168138e-13
2.028875e-12
-1.041453e-12
-1.944433e-14
5.806705e-13
-4.761002e-13
3.717716e-13
6.754589e-13
8.850486e-13
9.856696e-13
1.072484e-11
1.311338e-11
-1.983385e-12
3.418205e-12
2.600742e-12
-3.798501e-12
1.227857e-12
-2.043105e-12
8.127782e-13
8.151385e-12
7.556575e-12
6.159576e-12
2.413749e-13
8.586531e-13
1.136346e-12
4.163355e-12
-1.795018e-12
-1.387435e-13
-2.886662e-11
-9.077449e-12
5.221070e-11
-1.147160e-10
9.736673e-11
2.297080e-10
9.344104e-12
1.690847e-10
2.081158e-10
-2.475414e-10
-3.301487e-10
7.337935e-10
-9.796807e-14
-1.515058e-13
7.024915e-14
2.715364e-11
-1.473613e-09
-1.930294e-10
6.862421e-13
8.597927e-13
-1.768592e-13
2.678156e-13
2.421814e-13
2.441178e-13
1.882376e-10
1.833891e-10
-3.777007e-11
2.250058e-12
-4.800875e-12
-3.255991e-13
-3.180639e-13
-4.089001e-12
6.025169e-13
1.442477e-12
-1.558464e-11
4.131682e-12
3.423884e-13
-1.171480e-12
1.406372e-11
1.981532e-12
9.269277e-12
2.075756e-11
1.315953e-12
-2.547867e-12
1.165967e-12
2.958179e-12
-1.564630e-12
5.477544e-13
1.837136e-12
-8.100789e-13
-7.029739e-13
1.240602e-12
1.248514e-12
1.906624e-12
4.267298e-09
2.096509e-09
2.771597e-09
2.397439e-09
-3.231174e-10
2.331293e-09
3.982230e-09
1.838312e-09
-4.937055e-10
2.849308e-11
2.084657e-11
4.849162e-10
-2.271166e-09
6.723257e-10
-2.609462e-09
-2.935066e-11
2.280906e-10
2.791360e-10
2.197731e-10
1.334654e-09
-8.503281e-11
9.737261e-12
2.282312e-11
1.172253e-10
4.816474e-10
3.847892e-10
-8.956730e-10
1.563608e-11
2.232992e-10
3.113239e-10
-4.848839e-11
-5.961019e-10
-9.244736e-10
3.081985e-11
-3.412360e-10
2.582110e-10
-1.141283e-10
-8.604357e-10
-8.843873e-10
-1.113331e-09
-7.906460e-10
3.704201e-10
1.572278e-09
1.394225e-10
4.836850e-10
-1.838081e-10
6.368427e-10
-1.511362e-09
3.735782e-09
1.018722e-09
6.801781e-10
3.709038e-12
6.491673e-12
-3.219321e-13
1.987500e-12
-3.281929e-12
2.159726e-12
1.411739e-11
-8.539331e-10
7.055547e-10
8.239916e-13
9.757090e-13
9.254821e-13
3.990781e-12
2.822646e-12
4.184242e-12
1.291638e-12
-5.842716e-12
8.883713e-13
2.464278e-12
1.127176e-12
4.766440e-12
2.148717e-12
-1.150791e-12
-1.047190e-13
-3.651249e-13
9.355848e-14
2.860620e-12
9.240627e-13
-2.516795e-12
1.190594e-12
1.224222e-13
1.292079e-13
1.612712e-13
1.129685e-11
9.574683e-10
2.239684e-10
2.967263e-13
-3.346451e-13
2.554106e-13
3.518087e-13
2.642807e-13
-2.432733e-13
6.028803e-13
-1.963668e-13
3.884116e-14
2.247303e-13
4.102805e-13
2.787825e-13
3.893491e-13
-1.950853e-13
2.203392e-13
-1.908489e-11
-6.869837e-11
-6.870841e-12
1.089477e-13
1.447592e-13
1.571059e-13
-9.017973e-10
-2.681510e-10
7.285917e-10
-4.200569e-10
-6.673158e-10
8.770954e-10
4.208178e-10
1.116100e-09
9.605240e-10
7.379445e-13
-5.130247e-13
-3.988434e-13
-3.995738e-12
-1.025417e-11
6.680125e-13
-2.521338e-12
-1.417145e-13
1.322023e-11
4.082188e-12
2.802758e-12
-2.294093e-12
2.067140e-12
-7.635111e-12
2.672981e-12
4.583724e-12
-5.629365e-12
-8.945900e-13
1.797840e-12
3.137737e-12
-1.182148e-12
1.229827e-12
3.748122e-13
6.692719e-12
8.142140e-13
3.551113e-12
3.272383e-12
8.878107e-13
6.186567e-13
-3.774259e-13
2.765643e-11
4.897325e-11
-2.031645e-11
-4.559060e-12
1.749545e-11
2.728910e-11
4.436795e-12
6.801703e-12
-2.493610e-12
-3.756894e-12
-9.179346e-13
1.471813e-11
5.082178e-12
7.720400e-12
9.523424e-12
1.730950e-12
1.963222e-12
-2.848674e-12
-2.075153e-12
-1.106152e-11
1.290583e-12
3.502372e-12
-5.606407e-12
-2.784371e-13
-3.466658e-11
5.103485e-10
1.904663e-10
3.418788e-12
1.895186e-12
-1.016103e-12
-2.004586e-12
-1.398532e-12
6.707668e-12
1.842101e-12
2.007754e-12
-4.678444e-13
-1.344544e-12
-5.204736e-12
7.441909e-13
3.868965e-13
-3.190644e-14
2.465811e-12
1.093841e-12
5.838201e-13
-2.704050e-13
1.858675e-12
2.256569e-12
-4.469255e-13
1.529415e-11
1.146513e-11
-9.448998e-11
9.189478e-14
-1.662539e-12
3.419393e-13
6.089219e-13
6.754005e-13
-1.819754e-13
1.402686e-12
7.849060e-13
-6.904521e-13
6.604264e-12
-1.031482e-11
-5.782340e-12
-4.488327e-12
2.048618e-11
2.056109e-11
4.426000e-12
1.073980e-11
-2.512652e-12
-3.250453e-12
-2.741564e-11
-2.440440e-12
1.148141e-11
2.236998e-11
2.049609e-11
-3.845641e-12
-5.179337e-11
-2.975508e-11
1.563582e-11
5.809294e-12
-1.030766e-11
-1.113636e-11
1.227978e-11
4.086051e-11
3.565711e-12
2.668885e-12
-1.775759e-12
9.738943e-13
3.400476e-13
8.763278e-12
1.855480e-12
2.070205e-12
-7.120302e-13
5.663768e-13
-4.899302e-12
2.195847e-12
2.521271e-09
2.317444e-09
1.730681e-09
1.723755e-09
7.857321e-10
-4.156529e-10
3.331684e-09
1.719989e-09
2.125743e-10
4.910823e-13
4.702262e-14
7.736786e-13
1.733572e-11
-4.276323e-10
-1.220384e-11
-1.030786e-10
4.617556e-10
3.508849e-10
-2.553301e-12
7.616981e-11
-1.159051e-09
-1.500700e-10
3.166773e-10
-2.998998e-10
-2.178156e-11
4.627161e-10
2.530462e-10
3.818854e-10
-4.781340e-10
-1.131774e-09
2.202279e-11
-1.099230e-09
9.592915e-10
9.889437e-13
1.272169e-12
-1.709016e-13
1.479525e-12
6.652520e-13
2.855794e-12
1.021293e-12
1.033902e-12
1.331492e-12
6.149804e-12
4.259910e-12
-4.651010e-12
-1.363919e-10
-1.760367e-10
-7.377301e-12
3.652137e-12
-5.391779e-12
-5.055133e-12
5.895127e-10
5.973139e-10
-6.685102e-10
-1.186235e-09
-1.607801e-09
-1.525598e-09
1.168336e-09
1.088420e-09
-1.211048e-09
-4.286874e-10
-1.848270e-10
2.666859e-10
3.064440e-13
-6.903835e-14
3.660693e-14
5.974096e-13
5.845262e-14
1.429716e-12
-4.203582e-11
-2.300499e-10
-7.325519e-11
8.721232e-13
2.893706e-12
2.775115e-12
1.268824e-12
1.684192e-12
-3.895693e-13
1.756822e-12
2.047503e-12
3.199506e-12
4.101654e-13
3.433487e-13
-4.186072e-13
3.606226e-13
-8.301251e-13
3.323304e-13
8.126322e-13
5.695355e-13
-1.341750e-12
1.053398e-12
5.555872e-13
1.916846e-12
3.195844e-13
-1.520083e-13
-7.152503e-14
4.246035e-13
-5.038248e-13
3.068694e-13
6.735368e-11
5.217123e-10
3.658433e-10
9.865524e-12
3.073320e-11
-1.136098e-11
4.442705e-13
7.888482e-14
-9.390058e-15
-1.977657e-09
-1.256112e-09
-2.210047e-10
1.281729e-12
1.079224e-12
-1.001860e-12
1.767447e-12
2.884248e-12
-5.519227e-13
1.183845e-12
7.562809e-13
-5.387165e-13
-5.639165e-10
3.374584e-10
-1.302135e-09
-8.333293e-10
-1.065993e-09
-7.596235e-11
4.070539e-13
2.225576e-13
-4.935974e-14
9.862183e-10
5.963604e-10
2.745472e-10
6.779526e-13
1.150745e-12
2.486263e-12
5.836630e-12
2.693277e-12
-2.963318e-12
1.123561e-13
-1.688585e-12
-9.866916e-14
3.528117e-12
4.189634e-12
-7.027697e-13
-2.450373e-13
-2.676820e-13
3.151649e-12
8.820934e-12
5.473877e-12
-3.565333e-12
-1.740715e-13
-2.263044e-12
5.665620e-13
4.629187e-12
5.325109e-12
-1.583335e-12
2.847460e-12
5.013716e-12
-1.724934e-12
3.518938e-12
6.544449e-12
5.744799e-12
1.757097e-12
1.277116e-12
-1.994947e-12
2.553537e-12
-3.208029e-12
-4.720266e-13
6.594657e-10
6.561303e-10
-8.882347e-10
-4.588754e-10
-1.399735e-09
-1.284042e-09
7.019427e-13
3.599996e-13
-1.314269e-13
5.877999e-12
-8.121462e-12
2.175557e-13
3.404014e-12
-1.795497e-11
5.628740e-12
2.114523e-12
2.835438e-12
4.474050e-12
-1.558084e-12
-1.002289e-13
7.688506e-12
6.134233e-13
-2.160295e-12
1.051626e-12
5.070947e-12
-1.627881e-12
4.274444e-13
-4.576520e-14
1.039233e-12
8.652888e-13
1.835262e-12
1.884099e-12
1.818944e-12
2.748339e-13
6.566170e-14
6.462500e-13
1.334028e-13
1.392342e-13
1.685879e-13
1.463846e-12
7.043671e-13
-1.624794e-13
8.513339e-13
2.408942e-13
1.050653e-12
1.608754e-10
6.228685e-10
-1.326053e-09
9.506830e-10
-8.011455e-11
6.677852e-10
2.399366e-13
1.614373e-13
-2.157661e-13
-1.392663e-11
-3.101313e-11
2.398523e-12
-9.256577e-11
-5.510935e-10
-2.527521e-11
2.487236e-13
-2.050411e-13
1.751533e-13
-4.740003e-11
1.178488e-10
5.511303e-11
-1.177721e-10
-2.207912e-10
-4.130438e-11
-1.597071e-10
2.308736e-10
-2.336551e-10
2.052602e-11
6.305311e-10
2.251662e-10
4.110187e-10
2.167040e-10
2.048619e-10
-2.538831e-10
-8.341179e-10
7.691662e-10
1.856698e-13
1.500339e-13
-1.360730e-13
3.017012e-13
1.863383e-13
-1.201054e-13
4.323179e-12
6.148806e-11
3.134001e-11
-6.711600e-11
-9.989570e-11
-1.003352e-11
1.015662e-12
-6.168419e-13
-1.706799e-13
3.590699e-12
-1.435359e-12
2.938553e-13
1.137650e-12
-2.564943e-12
6.274824e-13
2.081543e-11
9.194476e-11
1.317916e-10
7.965198e-10
9.375429e-10
-1.169817e-09
1.542579e-12
1.118936e-12
-7.094352e-13
1.041345e-12
-8.379030e-13
-4.570070e-13
5.005708e-13
-4.759392e-13
-5.589281e-13
6.032063e-13
2.417309e-13
-3.693130e-13
9.202750e-13
8.440961e-13
-6.228267e-14
-1.610094e-09
-8.741447e-10
8.022389e-10
-8.720327e-12
2.951262e-10
2.008263e-10
-5.626330e-10
-2.120287e-10
9.155931e-10
1.319568e-09
6.748808e-10
-6.279900e-10
8.055678e-13
6.141650e-13
6.634962e-13
3.897179e-13
2.799432e-14
7.919810e-13
1.139092e-11
7.109183e-12
-4.515859e-12
-3.044689e-12
-7.439650e-13
7.425940e-12
2.249621e-11
1.265824e-11
-6.394946e-12
6.252494e-12
7.380636e-12
-2.112156e-12
-7.648091e-13
-6.075285e-12
1.066770e-12
8.274080e-12
1.105606e-11
-2.639099e-12
2.260399e-12
-5.909106e-13
4.761926e-13
1.798102e-12
1.919553e-12
1.311900e-12
1.769475e-12
8.523986e-13
-1.403811e-12
1.019797e-12
9.421486e-13
-1.692105e-13
7.359260e-13
-6.051701e-13
3.479051e-13
3.812535e-12
4.129595e-12
-7.837166e-13
4.856806e-13
-2.730651e-12
9.162260e-13
4.574940e-12
8.453148e-12
-8.020146e-13
1.791825e-13
-1.435613e-13
6.793475e-14
3.211277e-13
3.826222e-13
1.496173e-14
-6.876014e-12
-1.296665e-10
-4.578378e-11
-6.110811e-12
1.936596e-11
2.306863e-11
-5.399162e-12
-5.176977e-11
1.628181e-11
-4.751286e-11
4.071307e-12
7.218685e-11
1.031100e-10
9.941326e-11
-7.801734e-11
-1.506215e-11
-3.129843e-11
2.385963e-12
2.999523e-11
3.289170e-11
-6.438751e-12
4.506256e-10
6.274488e-10
-2.147624e-10
-4.950201e-10
4.770889e-12
4.641670e-10
7.518061e-10
1.191515e-09
-3.826842e-10
3.712808e-13
-3.825263e-14
7.358162e-13
5.587646e-13
-3.057371e-13
2.678301e-13
1.690079e-12
1.072716e-12
-5.321090e-13
9.990083e-13
-5.498826e-13
5.902975e-13
7.795198e-13
1.108264e-12
8.583900e-13
2.869148e-12
2.322983e-12
3.854859e-14
1.868339e-10
2.924666e-10
-1.415524e-10
-1.705993e-10
-7.174643e-10
-2.849754e-10
-5.451372e-10
9.494306e-11
3.360600e-10
-6.242220e-12
-3.452862e-12
1.361396e-11
6.910992e-12
3.844897e-12
-1.846303e-12
6.416848e-13
1.910618e-12
5.893050e-12
5.205689e-12
6.956922e-12
5.582710e-12
3.420899e-12
2.110520e-12
-2.703461e-12
7.434369e-14
-1.206990e-13
5.582089e-12
1.043413e-12
7.175765e-15
3.950401e-12
8.452152e-13
8.663984e-13
-5.658053e-14
5.579524e-13
4.469759e-13
4.111363e-13
7.221564e-12
-7.140745e-11
-1.041805e-11
1.871468e-10
1.807700e-10
-2.771882e-10
-7.173687e-11
-2.158562e-13
1.002836e-10
-1.816019e-11
1.860928e-10
-1.730770e-10
2.869931e-13
-1.980255e-13
2.112204e-13
7.543625e-13
-1.084240e-14
1.175713e-13
4.135476e-13
-8.414032e-14
2.140076e-13
2.261541e-13
1.565059e-13
2.372123e-13
4.529934e-13
-4.243128e-14
2.903434e-14
-3.473589e-09
-2.012376e-09
-2.088196e-09
-1.334995e-09
-7.164509e-10
-7.923998e-10
-2.548520e-11
-1.195586e-10
1.763387e-11
-3.495995e-11
2.584740e-12
7.851677e-11
6.731620e-11
-9.981509e-11
-3.744204e-11
7.765738e-11
2.398871e-10
-1.024092e-09
4.758976e-10
4.183424e-10
1.062527e-10
-1.474458e-11
8.336365e-11
5.633854e-11
2.076788e-11
-4.638412e-11
-2.317213e-11
-1.900734e-11
-8.596249e-11
7.676669e-13
1.487324e-11
3.139321e-11
-9.269972e-12
2.523824e-13
4.998028e-13
5.127827e-13
6.214096e-13
2.815052e-13
-2.931528e-13
4.584985e-13
7.474421e-13
-8.760232e-14
2.086736e-12
-6.017884e-13
4.205652e-13
7.172927e-13
1.205548e-12
1.276367e-12
4.126086e-10
-6.136502e-10
-7.253684e-10
2.573999e-10
1.058340e-09
-6.472027e-10
-9.220095e-10
6.022103e-10
4.104307e-10
1.147482e-11
2.422443e-11
-1.511534e-11
-6.230144e-11
-1.173070e-10
-1.947343e-12
-1.435911e-11
3.832453e-11
3.062450e-11
1.303569e-12
-2.478502e-12
-1.899676e-12
1.164717e-12
2.187314e-12
2.239839e-12
1.451704e-12
5.415869e-13
-1.011347e-12
7.807209e-13
7.802340e-13
2.844106e-12
9.753469e-14
1.888843e-12
1.562172e-12
7.534105e-13
-1.378321e-12
-8.477358e-13
5.640450e-13
1.120296e-12
-2.239657e-13
5.286895e-13
-1.596711e-12
2.843755e-13
2.138628e-11
2.217772e-11
-2.413465e-11
-9.291445e-11
-1.791174e-10
-1.358688e-12
-3.370879e-12
-8.855198e-11
-3.524949e-11
9.208469e-11
2.277579e-10
-1.603585e-10
6.412940e-13
-6.918110e-13
4.017734e-13
5.044265e-13
9.319848e-14
9.474638e-13
-1.678260e-10
-4.823828e-10
-1.765512e-10
-7.457856e-10
-1.103783e-09
8.132060e-11
1.193169e-09
1.168640e-09
8.724254e-10
-4.010474e-10
8.378871e-11
-1.055852e-09
6.910533e-10
4.620552e-10
-7.135011e-10
7.610449e-13
1.050562e-13
3.966536e-13
1.089846e-09
-2.973655e-10
1.880611e-10
-8.884689e-10
-3.755949e-10
4.472664e-10
3.091141e-11
8.547335e-10
4.121092e-11
1.474536e-12
-2.166914e-10
1.032325e-10
5.162782e-10
3.686238e-10
-1.665099e-10
-5.774863e-11
1.125185e-09
-1.382853e-10
3.544221e-12
1.644571e-12
-3.881210e-12
2.225206e-12
4.400858e-12
1.320030e-11
4.569108e-12
-9.449403e-12
-5.096488e-12
3.258197e-12
7.905939e-12
9.006947e-12
1.340430e-12
3.034342e-12
-7.659352e-13
1.628802e-12
-5.773164e-12
5.313650e-13
2.955984e-13
5.668807e-12
5.212202e-12
2.661178e-12
-5.358587e-12
-2.083787e-12
2.513251e-11
4.503687e-11
-2.386554e-11
-2.313167e-11
7.310325e-11
4.374940e-11
9.881273e-12
1.251855e-11
-1.739954e-11
2.039614e-11
-4.065959e-11
-1.193670e-11
1.432794e-09
1.221515e-09
-9.772466e-10
2.594596e-12
6.474821e-10
1.913344e-10
3.616144e-10
1.229030e-10
1.617557e-10
3.326393e-10
-3.462005e-10
-1.098717e-09
-9.488070e-10
-1.996027e-09
1.917943e-11
-1.298368e-09
-1.606279e-09
-5.331107e-10
1.252996e-09
1.686025e-09
2.775191e-10
-6.039268e-12
-1.679868e-11
1.269191e-12
1.073409e-11
1.733067e-11
-7.123597e-12
-1.783724e-12
4.313835e-12
7.295949e-12
-8.628317e-10
3.797379e-10
-1.037266e-09
1.576553e-11
-1.460945e-11
-5.562530e-11
9.223484e-10
5.481707e-10
-6.077879e-10
3.547657e-11
4.621582e-10
6.628161e-10
-8.835560e-10
-5.009962e-10
7.580742e-10
-2.502088e-10
-5.096360e-10
-1.986687e-10
4.422740e-13
-1.690968e-13
-5.902467e-14
4.487820e-13
5.098252e-13
6.010752e-13
2.544067e-13
-1.491169e-13
1.097583e-13
5.565885e-13
4.037031e-13
7.985610e-15
6.580022e-13
2.425246e-13
9.234247e-13
-7.927595e-10
-1.528424e-09
2.357517e-10
7.680377e-10
1.114540e-09
5.670565e-10
-5.705300e-10
3.534387e-10
8.418671e-10
2.382499e-10
-8.372844e-10
-5.138684e-10
1.298196e-11
1.803345e-11
-7.595834e-12
2.006106e-11
2.498164e-11
-7.871088e-12
-8.351974e-12
-2.196975e-11
1.902014e-13
-8.580360e-10
-1.289024e-09
1.126987e-09
-5.167016e-10
5.727876e-10
8.522536e-10
1.288007e-09
-2.488061e-10
-5.688129e-10
3.931074e-10
-9.218944e-10
-1.064866e-09
-8.788515e-10
6.001879e-10
1.193694e-09
6.311998e-12
-2.866091e-11
1.191647e-11
-1.516953e-11
-2.817776e-12
2.239214e-11
2.613473e-13
7.732569e-14
3.379828e-13
7.707213e-13
7.863922e-13
-7.939871e-14
6.756932e-13
-2.945082e-13
4.734578e-13
3.913051e-10
5.257282e-10
-5.888032e-10
1.418129e-10
-1.198518e-09
-7.508969e-10
-7.032804e-10
-1.709674e-09
1.468563e-10
-4.834115e-11
-5.676055e-10
-1.748285e-10
-8.206960e-12
-9.007708e-11
-5.633949e-11
4.756693e-11
1.347737e-10
-9.690680e-11
8.367184e-11
1.476288e-10
-3.844198e-10
-3.314720e-11
-1.265675e-10
-4.600218e-11
6.207469e-11
4.946080e-11
-2.846595e-11
1.881463e-13
6.616533e-15
3.565879e-13
4.478955e-13
3.607283e-13
3.266661e-13
2.892582e-13
3.345823e-13
2.789288e-13
1.444446e-11
8.346091e-12
-4.797158e-12
5.852954e-12
-8.949456e-12
-1.385885e-12
1.023717e-09
1.558572e-09
1.805311e-10
-7.074292e-10
3.200252e-10
1.161847e-09
3.339723e-12
2.405381e-12
-1.174536e-12
-1.565889e-13
1.081496e-12
1.607025e-12
5.994218e-12
6.137787e-12
-9.918375e-13
9.762863e-13
-4.037899e-12
1.038279e-12
2.053234e-13
7.606893e-13
6.072096e-13
1.381049e-12
7.562046e-13
-3.962200e-13
6.763511e-13
-7.718775e-13
-2.933855e-13
6.272820e-13
-6.364168e-13
7.748815e-14
2.410014e-12
2.036564e-12
5.105847e-14
1.166569e-12
1.498487e-12
1.476630e-12
2.190035e-13
-1.436066e-13
5.537594e-14
3.351753e-13
2.556388e-13
3.830872e-13
4.782201e-13
5.376470e-13
-5.101152e-14
-3.767031e-10
-4.837447e-10
-4.667760e-11
-1.039967e-10
-4.964773e-10
5.369966e-11
8.971353e-13
5.136054e-13
-8.759058e-13
7.364564e-13
5.387932e-13
3.917191e-12
2.135393e-12
-1.806703e-12
1.580257e-13
5.438687e-13
2.960880e-13
-8.365601e-13
3.841423e-13
-1.780555e-12
2.877520e-14
7.885808e-13
1.008271e-12
1.409564e-12
1.244880e-10
6.005874e-11
-3.205990e-10
-3.704939e-10
7.904661e-11
7.986120e-10
1.175582e-10
5.467899e-10
4.455972e-10
-3.338833e-10
-1.122016e-09
-7.046799e-10
-3.924286e-10
-9.739900e-10
-1.402654e-09
-1.781312e-10
1.321528e-09
-6.559406e-10
2.463147e-10
2.811446e-10
-8.095846e-10
-3.391091e-10
7.687152e-10
5.884150e-10
-1.168842e-09
-7.961767e-10
1.076784e-09
-6.068635e-10
6.504920e-10
5.779299e-10
-5.243496e-10
-8.828072e-10
8.968822e-10
1.585093e-10
7.120917e-10
-4.320668e-10
2.188721e-12
1.512762e-12
-1.162070e-12
3.541939e-12
-1.582511e-12
7.297443e-13
2.472265e-10
4.372544e-10
-7.414565e-10
6.750605e-11
-9.737809e-10
-6.257891e-10
7.489396e-13
-9.745639e-13
-2.688434e-13
9.998188e-13
-1.990196e-12
1.399294e-12
2.156746e-13
5.132918e-13
5.528651e-13
2.680875e-13
-2.411154e-13
1.345390e-12
4.348295e-11
-1.401480e-09
5.968304e-10
-4.561836e-10
-7.707317e-10
9.268967e-10
-1.200664e-10
-2.226789e-10
-4.538106e-11
1.362371e-10
2.853347e-10
-2.214936e-10
1.642340e-10
6.770101e-10
-3.950162e-10
2.539749e-10
3.252799e-10
-5.402606e-10
-5.461811e-10
-1.303004e-09
-7.924936e-10
-2.525306e-10
-2.716125e-10
-8.400558e-11
1.357612e-10
5.137875e-10
-1.142280e-10
6.615907e-11
-1.090287e-10
9.854256e-12
4.267299e-11
8.432864e-10
-5.462815e-10
2.824725e-12
-5.119640e-12
3.550853e-12
1.060451e-12
1.523941e-13
5.604984e-12
9.733378e-13
-9.820725e-13
6.266675e-13
3.601744e-12
4.738410e-12
-1.710505e-12
2.036700e-12
-2.115869e-12
1.783668e-12
1.887629e-10
1.250752e-09
-1.823889e-10
1.778629e-11
3.005417e-10
-5.361325e-10
2.270448e-13
2.284783e-13
2.817295e-13
5.306883e-13
4.843190e-13
-3.764719e-14
4.509721e-13
3.839419e-13
4.164414e-13
8.367675e-13
-7.157406e-13
2.759757e-14
1.776459e-12
-3.604910e-13
3.376271e-13
6.597679e-13
-6.153812e-13
-1.687403e-13
-1.471767e-09
4.172534e-10
-1.234936e-09
4.604560e-10
4.643955e-10
-7.570730e-10
2.109883e-11
2.146054e-10
-2.528653e-10
1.283287e-12
-1.857421e-12
-1.213925e-12
1.158563e-12
3.421058e-12
3.638198e-12
1.955764e-12
-3.128507e-12
8.786234e-13
1.370195e-12
1.913003e-12
-1.029198e-13
6.051464e-10
2.913182e-10
-4.530526e-10
-2.638749e-11
1.014095e-09
1.530051e-10
2.364052e-13
-1.666514e-13
1.460013e-13
3.884555e-13
-2.177016e-13
2.174602e-13
3.720514e-13
7.423782e-14
4.430776e-13
4.539621e-13
6.298672e-13
3.447399e-13
3.881663e-13
2.410461e-13
2.823320e-13
7.487359e-13
-1.231098e-13
-6.598313e-14
1.391562e-13
8.776745e-14
-1.254501e-13
1.620997e-13
3.825568e-14
3.802557e-13
2.123828e-13
-2.359599e-13
-1.198421e-13
1.144724e-13
2.764212e-13
2.474560e-13
1.135236e-11
-1.069982e-10
2.734039e-10
9.755996e-10
9.674080e-10
2.393279e-10
-3.255268e-08
-3.667781e-09
-1.209521e-08
-2.015098e-09
-1.032878e-09
-4.585304e-10
2.381705e-09
2.722133e-10
-3.389639e-10
7.556278e-09
2.779963e-09
8.589728e-10
-5.674975e-11
2.581788e-10
-7.761882e-11
-7.928232e-10
-2.710654e-11
1.604017e-10
